"M11_R1"	"M11_R2"	"M12_1"	"M12_2"	"M12_3"	"M5"	"M6"	"Expression.Rep1"	"Expression.Rep2"	"Expression.Rep3"	"log2.Ratio.Treg.Tc.Rep1"	"log2.Ratio.Treg.Tc.Rep2"	"log2.Ratio.Treg.Tc.Rep3"	"log2.Ratio.Treg.Tc.Rep4"	"Gene.names"
NA	NA	NA	NA	NA	NA	NA	-4.31544403360453	-3.76713713625854	-3.61602734011961	-4.24929363	NA	-4.7258502	NA	"Pde3b"
-4.4601774801225	-4.2982779788763	-5.9433193145641	-5.7057123781751	-3.5412100992841	-1.5215411053503	-5.1847077489772	-3.1962441854641	-2.53647714810809	-2.68208499727414	NA	NA	NA	NA	"Tdrp"
-3.4041584700109	-4.3563804617347	-6.880404017933	-4.6810184085467	-3.1421911785553	-5.5179873594941	-5.4017532845013	-2.39949326686108	-2.07146933871498	-1.71582940125207	-3.666074843	NA	NA	-1.393197735	"Pdlim4"
-3.3195650234499	-3.1449657568221	-3.8656117741426	-2.1533979610497	-4.8493323926346	-3.1782612488744	-2.9809224016025	-2.16430717581499	-1.81341146109707	-2.13711315245996	-2.378150904	-3.935337845	-1.006692983	-4.904872235	"Fam101b"
-3.7656955300412	-3.1514994110182	-2.5753972625475	-2.1004966227599	-2.9787432291871	-2.6853384772567	-3.8147593288474	-1.90118861334144	-1.6547887545145	-1.38324277601365	NA	-1.773442148	-2.741941515	NA	"Adh1"
0.3207285146426	-1.7888501379115	2.1009147560949	-3.3022411808515	-1.9295324678926	-3.2294763844175	-3.3144401433869	-3.26356277774042	-3.16105868934002	-3.30915581972749	NA	NA	NA	NA	"Dapl1"
-1.7813417970077	-1.7365680497127	-1.9044829073394	-2.4152092878543	-1.8433899531033	-2.2919845846255	-1.961886827814	-2.0636737049683	-1.8327268293906	-1.96807156257313	-2.367203301	-2.097085174	-1.67468662	-2.032742841	"Themis"
-1.9910687261966	-2.9638740902402	-2.718741446028	-1.7286254807419	-2.639141415294	-0.223851561270401	-0.9564220969411	-2.16048742800741	-1.76730255138506	-1.4340023421714	-0.273933569	-1.378531821	-2.250021697	NA	"Als2cl"
-1.2613724662095	-0.592018550598901	-3.818818421484	-1.7138964713681	-3.3575019957808	-2.9839124692396	-1.0043562700297	-1.42404482269967	-0.963152432732852	-1.0527949338592	-0.628820246	-1.848504825	-1.36982938	-1.603226729	"Itk"
-2.2360413151517	-0.412993131470699	-3.2951179341576	-0.977199262498502	-3.0390848595449	-0.196272923167999	-1.9385389505561	NA	NA	NA	NA	-1.222161609	NA	NA	"Ca2"
-1.0408568488661	0.285298862089199	-3.7123866806244	-2.1300178546003	-2.2391890420792	-1.3231617861358	0.4243230218718	-0.413840706032565	-0.164742650948183	-0.342517553628313	-3.984771612	NA	-3.652257022	-2.858724174	"Nme4"
-0.0503974060764989	-1.6810487040626	-4.7502310096106	-1.8076426780674	-2.4894846182507	-2.1243431028657	-1.6704326034173	-1.24612300116691	-0.719097460517255	-0.303697235062552	-1.316435411	-1.529405871	-1.941031169	-1.149280573	"Clybl"
-0.227400445903601	-3.1136305295699	-1.7743453094036	-0.383480580010698	-2.8599739946432	-1.6364511894939	-1.8860670589115	-0.533626359141623	-0.216464667108664	-0.602395376337585	-1.92812393	-2.450399824	NA	-2.834133071	"Padi2"
-1.1483810843865	-1.3704932879082	-1.378894539604	-2.093896080776	-1.121241417603	-2.7729682069766	-2.3044308351848	-1.13907267240512	-0.996442186415038	-1.74407992620323	-1.529820947	-1.30115923	-1.402231009	-1.305396118	"Satb1"
-1.3579392656869	-1.5057014962088	-1.3650928224077	-1.4003212811811	-0.891507120777	-1.7039634993322	-1.5455129070882	-2.06205357773862	-1.37631098891169	-1.41774727291914	-1.313826296	-1.482774707	-1.271724464	-1.488592686	"Tcf7"
-1.9141888374464	-1.1863536616986	-1.3260136409715	-1.9652653087854	-1.3185300171732	-1.7661025377808	-1.8849721015643	-1.28735530592247	-1.36443883022651	-1.07998993674394	-1.588036972	-1.576303514	-0.706994616	-0.856528212	"Gsn"
1.4142874915799	2.8803321418803	3.3528711432818	1.3141793979215	0.8694927115023	0.651770110633301	1.9450468516421	0.659221362909906	0.711308635634167	0.15415871114808	2.913324916	1.126378217	2.71776186	0.762731499	"Fah"
3.5106091001928	1.9060232582041	1.132233401948	1.8237675244544	0.972086769765198	1.9345982990603	1.4995869221959	0.813279179639652	0.894297602975726	0.379842598961635	1.365462489	1.777198757	1.666438873	2.007554336	"Decr1"
1.2835511118957	3.0851824778318	1.340143163691	0.465830130049298	2.3303926609206	1.8560666084231	4.1259264273292	1.04211375319458	1.14108893161877	1.03927103413368	1.251332682	0.642840175	0.849960307	1.281490546	"Crmp1"
0.2033648036806	0.662222807038301	1.8924429090211	1.8564934111059	0.459936756794498	0.745377570893602	5.7226818558071	2.32470870185798	1.47465246119677	0.474568143168634	NA	NA	NA	NA	"S100a6"
NA	NA	NA	NA	NA	NA	NA	0.867688107160379	1.13405841744932	1.52393401486824	NA	2.242572021	2.165207895	NA	"Hk2"
0.179516409708199	-1.2687258982261	3.7282696162887	-0.0331429611470995	0.578650820609198	1.2760158595347	2.7308968782319	1.27564664248702	1.25861022202557	0.913104673493482	3.390789697	1.494364405	4.653010216	2.252203696	"Swap70"
NA	NA	NA	NA	NA	NA	NA	1.66318742181473	1.58179235662895	1.25492796207587	1.205629885	1.662889079	1.937215132	1.987502783	"Ahnak"
-0.122350975257202	0.470850777578303	6.0329869901787	-0.179424113328697	6.0816716343758	2.5353622711581	3.299463358873	-0.0991931396581499	-0.227838145584094	-0.0456281496056949	1.236537433	1.094303642	1.339126132	1.284158746	"Ptms"
2.3526061698114	2.3943856240087	2.8298824935187	1.3404427382416	1.861303142889	1.7347994985409	1.3591143333619	0.877512682645326	1.11870515958725	1.06876921936584	NA	NA	NA	1.40315863	"Trim14"
NA	NA	NA	NA	NA	NA	NA	1.18788046578319	1.36558372976951	0.460226344182382	0.278356109	2.40811401	2.910501849	3.248838402	"Ecm1"
0.863902990976399	2.5186090202857	3.4907518449988	0.3942430850676	3.12698792356	2.2561517678488	0.8446470840511	1.7147536032896	1.09924283246772	1.79579724961623	1.641513713	1.417866014	NA	1.129744606	"Slamf1"
NA	NA	NA	NA	NA	NA	NA	2.13130086142765	1.78357714844088	1.55245594529365	1.432143073	NA	NA	NA	"Ccdc109b"
3.4150866522433	4.148099916887	0.593533660785802	3.7597724252935	0.640490422093499	-0.4027764636039	0.0752345742300982	1.35246804416751	1.42518791024695	1.66711284453604	2.109358756	1.727397723	1.642144006	2.472773683	"Slc2a3"
0.2033648036806	2.3792562403668	1.0279235825778	0.896100323318301	1.1586767163068	2.0527554149996	3.3245179815411	2.61838897732575	1.66274397660741	1.84542226923447	2.33053777	2.633547458	0.518556383	2.40206725	"Cyfip1"
2.041660611076	2.2980653602361	3.2362365905805	2.895424156538	2.2773772286604	0.3850772812531	1.7749687392604	0.794366251802341	1.01079184037016	1.43725149419615	2.222565555	1.489953901	1.535540834	1.922768723	"Snx18"
1.5555801046402	1.6588784332661	2.5589200634973	0.0527819253745001	2.179029327374	1.0774773617883	1.4746518515001	2.82184141991364	1.87001669654117	1.57270522878974	NA	3.343834172	0.987588655	2.437494091	"Tiam1"
4.1739836524507	3.4215243742518	0.973638929754902	1.1988300672175	1.7415502847992	1.6242549563035	1.5318723078376	1.74575002114707	1.94528560116157	1.30088000797441	1.216652311	1.19061486	1.552198664	2.120982235	"Fabp5"
0.2033648036806	-0.905751786729702	2.4224885247875	2.717718438689	2.4328608136393	1.8674327045107	2.4612772997425	3.12333939458797	2.29932237438305	1.87488343992144	NA	NA	NA	NA	"Osbpl3"
0.2033648036806	0.955333804345301	-0.252633887724897	2.2999309918307	1.935880369864	0.9787507869884	0.501730882730101	3.86360558914785	3.07838876671528	3.08139532281902	NA	3.825378604	NA	NA	"Ctla4"
2.7001935706234	3.6968428939743	3.7699703994833	3.8937176033343	4.1175166594661	0.380740745889799	2.2508755225431	0.401675801836048	0.360241427537089	0.364361287039271	2.69021845	-0.080621777	0.281947497	1.715937288	"Rabgap1l"
NA	NA	NA	NA	NA	NA	NA	1.90078669464462	1.75649943149404	1.65281484673414	2.406139522	NA	NA	NA	"Abcb1a"
2.297062947549	1.546722668384	2.1203691011633	2.8275057769046	2.2532575509051	3.5604634697066	1.0098545637117	1.58396788929087	1.50094945829083	1.05527898051735	1.664699694	2.151111954	NA	2.204485069	"Rcn1"
NA	NA	NA	NA	NA	NA	NA	2.09469487635295	2.26920329390899	2.74106424628456	1.591179465	NA	1.512637139	1.870542271	"Cd86"
1.7595448987792	2.9925949978635	2.6792907528449	2.973807835168	3.0165551832214	3.3645090889747	4.0063213338439	1.17725734929302	0.815180387552238	0.597715744533005	1.157946398	0.859492545	NA	NA	"Casp1"
0.2033648036806	2.616333720817	2.9525555471333	2.3989518574436	2.4418658741632	2.6103942875755	2.9792391060928	2.61742288720249	1.36748516424491	1.57706525914272	2.049367356	1.681269339	NA	NA	"Endod1"
2.3040643327327	3.3801800351589	1.4430847657661	2.9935694314408	3.0443567902588	1.6349305409667	1.1679182043446	2.26412822204722	1.8081035485017	1.64683272346943	2.618295787	1.796431631	NA	NA	"Anxa4"
0.398992381578299	-0.556101074085497	3.5624451165679	4.1292898541956	2.6420591441359	2.095043148928	3.81004389054	2.13821102807273	1.86069082143896	2.05794210427504	NA	NA	NA	2.375595544	"Lclat1"
2.6478108271285	1.632331541012	2.4885219144497	2.6899529381348	1.5793512674802	2.6398803207775	2.6213957786064	NA	NA	NA	2.472329084	1.966762677	2.09320174	2.032524066	"Gbp5"
NA	NA	NA	NA	NA	NA	NA	2.35924046955621	2.25665870527876	2.24871560241053	NA	2.251688799	NA	NA	"Sh3bgrl2"
0.2033648036806	0.285298862089199	4.1031785236506	4.5962258579679	4.2826151428182	2.4374053393977	3.1793248888419	2.10364417474684	1.47203526894281	0.379024749969941	NA	NA	NA	NA	"Folr4"
0.2033648036806	0.285298862089199	4.1647710456383	3.8313370321586	-0.315404736657499	3.9553077986489	2.7507776094769	1.76128415883231	1.49990743781371	1.02996267223752	4.272185819	3.102893243	2.954333373	2.953786713	"Tnfrsf18"
1.0398827368326	3.4588615284206	2.9511081997835	3.287649519704	2.2105063466124	1.0173818132875	1.7437036063138	2.77248426246482	2.83069331482428	2.03498097703564	NA	NA	NA	NA	"Ikzf4"
0.784478746134202	3.3609601196114	4.6581842220308	4.9070653091765	0.431975595504202	0.9124489120966	2.7095688184068	1.18636948614133	0.75668208058601	0.749326327277189	4.522840789	3.436161839	NA	3.118160353	"Eno2"
NA	NA	NA	NA	NA	NA	NA	2.55576908953903	2.59497928861596	1.74457521120857	4.400522233	1.57826248	NA	NA	"Hopx"
3.8326941888511	4.1465805045556	5.1836897284871	4.2278000435617	3.0775934102797	3.0093753588998	4.4675966176437	1.03202565371871	0.886098589274332	0.22320956446541	1.285741292	1.424223407	1.930380315	1.785885293	"S100a10"
2.8317144191757	2.7381787205307	2.7736724372638	2.7335189026092	2.7388676314106	2.6769922214249	2.8225922009796	2.8414127445869	2.10944233804687	1.90411961786422	2.768665905	2.752855612	2.876625153	3.016407174	"Capg"
4.0098973907477	4.3446282589092	3.3250536467445	3.2481734149639	2.8990527149976	4.0279251827682	2.7214839482258	NA	NA	NA	0.906899612	1.327227468	1.111289867	1.721547654	"Gvin1"
1.3610789907622	3.9094793462921	3.6369940183268	4.7325757444021	4.0345962344013	3.2673494710401	4.0366371623172	1.64904385798222	1.12879804773411	1.20698073061697	NA	2.135305018	NA	2.745925702	"P2rx7"
NA	NA	NA	NA	NA	NA	NA	2.61987969389675	2.76873661775315	2.30702288060766	2.984616618	3.652142272	NA	3.45430752	"Il2rb"
4.9751977675195	4.4080485221476	3.6222151090592	2.9993393452632	4.1482141858657	2.9330871639543	3.233268056626	1.95964342153412	1.55034153584963	1.55407984899151	2.366540889	2.83507518	2.852979915	2.592349392	"Ergic1"
4.3144997282616	4.5645559629402	0.353310320455499	-1.9422185189569	5.7817891869672	6.2817559445525	7.611250317412	1.79106395356331	1.38952326221268	0.318824592967116	NA	NA	NA	NA	"S100a4"
1.9683080868487	4.0555317625452	5.039191430098	4.0471532455588	4.5597203822902	3.9728128560433	3.9015410330476	2.01732575210845	1.87983158539813	2.17407781449287	2.191524333	2.909408305	3.64989205	2.70745853	"Nt5e"
1.3952193466973	2.4882811957038	1.4318447769467	5.1300247358012	4.388241578168	4.8460196502001	4.7526730397209	2.88398639728742	2.60935638448705	2.28959113999753	NA	NA	NA	NA	"Tnfrsf4"
5.0021240359449	4.8015628848954	5.3003109293475	1.9632097300103	0.0874799084714013	2.3921435940411	1.9343972732654	3.09088068966917	2.51441276500032	2.12478753382958	4.409998799	3.99494171	4.501638828	3.784503983	"Nrp1"
0.0198512421087997	-0.0656422880291991	1.6661530665815	8.3153741812329	1.9389260786202	8.9656848435485	6.6006079521793	2.16848591688166	1.63679672962116	1.81133339444149	NA	NA	NA	NA	"Irf4"
3.5657481784972	4.9670590763426	4.19541519088	1.0292289550871	2.3340878112774	5.7279550467921	2.8144858578491	2.55275475620645	2.76363754881196	1.84350123491253	5.243045048	4.580869063	2.814412508	3.803537038	"Gsta4"
4.4458024585364	6.1997159097168	4.5332947799451	5.1924193930084	5.2255098926158	4.5742452883539	3.6237656668891	1.09707681261593	1.49079603724032	1.55123202104471	1.962182048	2.414703837	3.67971636	3.856288567	"Eno3"
3.6968798577887	3.5724209084016	6.4564592787536	6.6922245763995	4.6615626711555	3.9636639833614	3.5154109477485	1.66689928483445	1.5423253926472	1.97020546035428	NA	3.68009927	NA	3.347523931	"Coro2a"
5.1834772756986	4.7917914011746	7.7712422435865	4.664359908776	5.4383379035429	4.1690719607779	2.5720951409941	1.03942328715486	1.11490393221783	1.00916326238134	4.50304482	3.292236955	3.777561413	4.319112093	"Lad1"
5.0537914354652	5.1724533160851	7.2170401508595	6.3956011206181	5.3351335879696	5.3751929124937	3.7938976856976	2.95268616953235	1.81343521825244	1.58805171442446	2.901526541	-0.446560851	NA	NA	"Ikzf2"
5.5431836556104	5.6449474417578	5.3254023873236	6.1031656278801	5.0986851892958	5.9784965038071	4.1356291640209	1.99436588579606	1.96381517205076	1.14338958755825	3.296332259	2.528271247	3.294490912	3.5360529	"Gsto1"
3.3181013923115	4.6113023655673	4.1863772513687	2.8127826750395	5.6738528647519	0.7316914490033	4.6581310727727	5.72316750784873	5.00707320133169	5.09816899035826	NA	3.605968359	NA	NA	"Il2ra"
5.0244129600991	7.1018598878742	9.4313288128284	6.0593202379637	4.6043053650729	4.8920371911169	7.077834860292	2.7985268330733	2.54892571519919	2.29402407194562	2.949421686	2.932533675	3.401833012	3.846292719	"Fam129a"
4.9432198294473	5.3390093252522	8.1108030372752	7.490110437975	4.3420032837729	6.0997402558037	6.2829704196984	4.80090987641779	4.20430153226064	4.07967942052615	NA	3.101397952	NA	3.484138131	"Foxp3"
